--------------------------
method, cutoff = whole_res 0.5
0.616654541236 0.0575796745705
0.65238490219 0.0409017891287
0.613220526306 0.0593860746308
0.533782513652 0.112025169291
0.738443160782 0.0147233728019
0.607407687948 0.0625281759674
--------------------------
method, cutoff = direct_intrxn 0.4
0.920705823787 0.000157039037476
0.90303030303 0.000343612197763
0.605978045322 0.0633173450885
0.587878787879 0.0738777068887
0.831907071008 0.00283643585931
0.684848484848 0.0288827975067
--------------------------
method, cutoff = direct_intrxn 0.5
0.905381628891 0.000312389261847
0.878787878788 0.000813862111732
0.672343249109 0.033179237307
0.745454545455 0.0133301463154
##0.853370113124 0.00168783645517
0.733333333333 0.0158005962506
