--------------------------
method, cutoff = whole_res 0.4
0.505510261605 0.165052539801
0.35 0.355819572502
0.737818727795 0.023250377121
0.766666666667 0.015944016579
0.310274846334 0.416451284031
-0.0166666666667 0.966054803995
--------------------------
method, cutoff = whole_res 0.5
0.505510261605 0.165052539801
0.35 0.355819572502
0.737818727795 0.023250377121
0.766666666667 0.015944016579
0.310274846334 0.416451284031
-0.0166666666667 0.966054803995
--------------------------
method, cutoff = BBorSC 0.5
0.515665662206 0.155330003818
0.416666666667 0.264586046747
0.279051055262 0.467130540704
0.75 0.019942126132
0.317937864104 0.404410792646
0.0333333333333 0.932156735541
--------------------------
