--------------------------
method, cutoff = whole_res 0.5
0.797788653192 0.00998254792744
0.7 0.0357695749703
0.596522980474 0.0899628331778
0.683333333333 0.0424422720871
0.749963289432 0.0199515957984
0.55 0.124976784188
--------------------------
method, cutoff = BBorSC 0.5
0.797788653192 0.00998254792744
0.7 0.0357695749703
0.596522980474 0.0899628331778
0.683333333333 0.0424422720871
0.749963289432 0.0199515957984
0.55 0.124976784188
--------------------------
method, cutoff = direct_intrxn 0.4
0.828029193822 0.00584376851749
0.766666666667 0.015944016579
0.508724062661 0.161938845884
0.683333333333 0.0424422720871
0.743996268271 0.0215307180866
0.566666666667 0.111632987611
--------------------------
method, cutoff = direct_intrxn 0.5
0.797788653192 0.00998254792744
0.7 0.0357695749703
0.596522980474 0.0899628331778
0.683333333333 0.0424422720871
0.749963289432 0.0199515957984
0.55 0.124976784188
