cutoff=: 0.3
35160
6336
10710
24775
18809
7348
8275
0.511538039406
0.450468731348
0.280562691182
0.142857142857
0.028594676353
0.178571428571
cutoff=: 0.35
35160
6336
10710
24775
18809
7348
8275
0.639606512075
0.5
0.358543207272
0.357142857143
0.0642328782881
0.214285714286
cutoff=: 0.4
35160
6336
10710
24775
18809
7348
8275
0.760293174045
0.642857142857
0.510567761012
0.607142857143
0.224640342553
0.357142857143
cutoff=: 0.45
35160
6336
10710
24775
18809
7348
8275
0.827583408506
0.642857142857
0.654684382706
0.607142857143
0.46424080861
0.535714285714
cutoff=: 0.5
35160
6336
10710
24775
18809
7348
8275
0.846308801565
0.678571428571
0.706896927817
0.464285714286
0.554299854348
0.535714285714
cutoff=: 0.55
35160
6336
10710
24775
18809
7348
8275
0.859079455609
0.785714285714
0.740548302616
0.428571428571
0.583482211924
0.535714285714
cutoff=: 0.6
35160
6336
10710
24775
18809
7348
8275
0.859040217133
0.785714285714
0.746090181005
0.5
0.556746721412
0.214285714286
cutoff=: 0.65
35160
6336
10710
24775
18809
7348
8275
0.861686929142
0.785714285714
0.758760807203
0.535714285714
0.558983376228
0.214285714286
